time,x,y,z,phi,theta,psi,x_velocity,y_velocity,z_velocity,phi_velocity,theta_velocity,psi_velocity,rotor_speed1,rotor_speed2,rotor_speed3,rotor_speed4
0.06,-3.00455445453e-07,-7.701452902e-08,10.0003567102,6.28300768768,0.000316640384975,0.0,-2.5585889744e-05,-9.77604316269e-06,0.0118901477056,-0.0096587846407,0.0141612625339,0.0,406.7091229520142,407.97519705329506,409.0654859561117,408.2046936521216
0.12000000000000001,-1.18812970041e-05,-5.86112195797e-06,10.004755449,6.28307659626,0.00105325023701,0.0,-0.000444344124614,-0.000203745094952,0.134727082741,0.0168901904492,0.00821320421885,0.0,444.58473146403577,444.0970849680219,442.7444925602432,444.9230523711349
0.18,-6.63220433826e-05,-1.58538166894e-05,10.0187805738,0.00120528815604,0.00208504120846,0.0,-0.00146412177471,8.02913967096e-06,0.332739489035,0.0303981704241,0.030880674963,0.0,466.01265437469175,467.7807661532316,466.5755787863284,467.628800073268
0.23999999999999996,-0.000205138634719,1.66819800976e-05,10.0418941667,0.00295107607362,0.00432528676248,0.0,-0.00337574370663,0.00125995847146,0.437677709098,0.02635744451,0.0478489285617,0.0,437.73041202694395,439.14061771428976,438.92976470777137,438.594612045205
0.3,-0.000512144875497,0.000162016708224,10.0720218182,0.00426347722737,0.00705068016742,0.0,-0.00715545322435,0.00374023579156,0.566519599107,0.0109202806112,0.0400690366596,0.0,446.9726451675914,446.33944216895657,446.3402686437014,445.07883997063766
0.36000000000000004,-0.00111213224635,0.00048591032908,10.1110506104,0.00456464205464,0.00987113832589,0.0,-0.0131391928395,0.00711373072915,0.734344269651,-0.0106662419457,0.0581551269154,0.0,457.5219021524162,458.960606787413,459.178933904434,457.46347612769017
0.4200000000000001,-0.00215842764707,0.00102174526856,10.1619779217,0.00388984061172,0.0129746882864,0.0,-0.0221405463784,0.0106671252232,0.963063941756,-0.0124336144035,0.0340177659079,0.0,478.42121458477664,476.58155761962314,475.73996441997326,475.60477139546725
0.48000000000000015,-0.00378330630847,0.00174524797027,10.2243107782,0.00330346364567,0.0147927555189,0.0,-0.0322332307274,0.0133765846488,1.11455945374,-0.00492181858553,0.0215801409944,0.0,453.963047098349,452.96432798942,454.0627845029773,454.66505956801626
0.5400000000000001,-0.00608422971991,0.00262752614136,10.2979328924,0.0033172743394,0.0157043647384,0.0,-0.0445993640867,0.0160168703807,1.33927284526,0.00893482351162,-0.00235255084482,0.0,477.14765014054984,475.31717703273927,475.4214235128744,476.48181907803
0.6000000000000002,-0.00910331463701,0.00366312706108,10.3824641993,0.00385544659229,0.0149881258488,0.0,-0.056008535496,0.0185604603779,1.47826779551,0.00903887637296,-0.0501152972086,0.0,453.26338787545194,449.4087804632574,450.4633604904914,450.4716513391688
0.6600000000000003,-0.0128979559915,0.00489561411175,10.4835360726,0.00444701385856,0.0123460107296,0.0,-0.0700559990383,0.0226041948799,1.89021379014,0.0114521084652,-0.0340335098677,0.0,528.0572553967647,529.164529471282,528.7830017944552,528.9490615581033
0.7200000000000003,-0.017370978455,0.00635696035851,10.601821045,0.00632179381619,0.01013790451,0.0,-0.0788061507474,0.0262660590085,2.05234370675,0.0550158283375,-0.0430080735629,0.0,459.9585133992412,459.2466672536689,457.90135880066606,461.35393850536366
0.7800000000000004,-0.022302463833,0.00807834601657,10.7282937354,0.00942365826862,0.00774748312947,0.0,-0.0853181894784,0.0314447704751,2.16320934067,0.0440648713505,-0.0341590297449,0.0,443.81976671703103,444.5445975484772,445.10962627043773,444.21426797010685
0.8400000000000004,-0.0275735836854,0.0101693431655,10.8610376491,0.012078296448,0.00564867658585,0.0,-0.090173730302,0.0385227562425,2.26139738127,0.0445996751208,-0.0366746346601,0.0,441.3402754744045,441.13207076766764,440.4930464425091,440.53839885100746
0.9000000000000005,-0.0330955295952,0.012746445117,11.0002031147,0.0144513461449,0.00383871041945,0.0,-0.0936834782769,0.0476438293886,2.37721542752,0.0268225753331,-0.0195849396733,0.0,446.28532021964924,447.6776470406173,447.3789679308984,445.9299698217979
0.9600000000000005,-0.0387930733848,0.0159152104557,11.1462084142,0.0159688884041,0.00274786407561,0.0,-0.0961165022426,0.0581406117828,2.48938818977,0.022041928501,-0.0155109388172,0.0,446.5522833140385,446.88454192978907,445.8501767360322,445.45953770790635
1.0200000000000005,-0.0446139025531,0.0197410404633,11.2986777607,0.0178553566846,0.00184579615744,0.0,-0.0978167911616,0.0695524490021,2.59269193804,0.0456085944024,-0.0140981895542,0.0,443.6603730788546,443.77645227421425,443.1638363770983,445.0970150245653
1.0800000000000005,-0.0505280329855,0.0243891519783,11.4624366871,0.0207544253866,0.00165419927655,0.0,-0.0992613016195,0.0857326251733,2.86528992417,0.0532482066844,0.0126535730743,0.0,494.2002221980765,496.1681296812543,493.8904947800316,494.45477879712485
1.1400000000000006,-0.0565214668072,0.0299658705476,11.6369477666,0.0243391612031,0.0018183466777,0.0,-0.100590350178,0.100494473441,2.95151859167,0.0703096693553,-0.0419075393771,0.0,443.0130458137711,438.50376077936914,439.42989796904664,440.8444399293474
1.2000000000000006,-0.0625788719844,0.0363943798156,11.8122563913,0.0285320829716,6.28266145897,0.0,-0.10113355648,0.11412286664,2.89224545791,0.069013207803,-0.033838644854,0.0,392.90862828083544,393.65501795380936,391.2217012999017,391.1054130350393
1.2600000000000007,-0.0686235501034,0.0440184419693,11.9946410417,0.0325112220502,6.28020891414,0.0,-0.10007180878,0.140521163007,3.18645360937,0.0603008259205,-0.0611697301219,0.0,503.3740276192054,501.39149532287064,502.31558077798417,501.68609294024003
1.3200000000000007,-0.0745531885634,0.0531391899625,12.1889465423,0.0359618879348,6.27716223036,0.0,-0.0972454239812,0.163856850291,3.29008889341,0.0512517836484,-0.0354945953231,0.0,446.97618252539695,449.06194549798033,447.95945031388993,447.2252272300341
1.3800000000000008,-0.0802385228697,0.0638234741661,12.3920353137,0.0388916563993,6.27493191817,0.0,-0.0920186575119,0.192611455612,3.47896476134,0.0434837444415,-0.0407563100257,0.0,474.4836659438376,474.0789808478611,474.53408015718657,473.9386943478646
1.4400000000000008,-0.0855898200169,0.0761538228424,12.6027589191,0.0414097575405,6.27308615693,0.0,-0.0861566284107,0.218640363516,3.54493850596,0.0387518668045,-0.015919338407,0.0,436.1155579634894,438.1847965394806,438.6583374952287,438.26617554512944
1.5000000000000009,-0.0905166902691,0.0902626579993,12.8214605623,0.0433540650064,6.27235219297,0.0,-0.0779811565733,0.251881497189,3.74446854103,0.0150218024396,-0.00572555425137,0.0,479.1802062890578,479.9546516367906,479.27656592936023,477.4698197479771
1.560000000000001,-0.0950364657942,0.106013198226,13.0431155172,0.0445684850707,6.27213859559,0.0,-0.0726543113868,0.273227475044,3.64434803105,0.0290391609195,0.000453301396495,0.0,383.27890523287726,383.86581410404744,382.20864123594157,383.5424303519142
1.620000000000001,-0.0991834453608,0.123270719104,13.263362964,0.0461122486168,6.27203322285,0.0,-0.0655766619184,0.302171455507,3.6970523822,0.0181166609427,-0.0065888564665,0.0,435.23874510134686,434.64896293034246,435.0008027461889,434.08527969368765
1.680000000000001,-0.102831453116,0.142584023522,13.4930679837,0.0467709485826,6.27159320363,0.0,-0.0559806549493,0.341681497082,3.95890033118,-0.00978737071089,-0.00886653423941,0.0,497.7383249495067,497.5717190833611,499.0141494845353,496.9729077491605
1.740000000000001,-0.105925972214,0.164140184481,13.735562646,0.0457328790934,6.27068690399,0.0,-0.047101398408,0.376745610565,4.12367304467,-0.0398670253118,-0.0320664236756,0.0,472.5965662179476,470.80492424080626,472.55495827493667,470.2304062656279
1.8000000000000012,-0.108471553741,0.187733070339,13.9871573733,0.0435455769861,6.2688108257,0.0,-0.0375531793789,0.40941206071,4.26231611564,-0.0303821961793,-0.0297173379227,0.0,464.4012056337191,464.58514589109353,464.96261317826526,465.7045911542282
1.8600000000000012,-0.110421371961,0.213188031146,14.2458803085,0.0414445989988,6.26660372342,0.0,-0.0272493876152,0.438869492617,4.36141130801,-0.0464275638576,-0.0572183913733,0.0,455.2454013784922,453.0385717088834,454.30763810439055,453.0186093127993
1.9200000000000013,-0.111736121392,0.240281233288,14.5085482859,0.0391035162481,6.26371982841,0.0,-0.0162910996683,0.463995026496,4.39406649055,-0.0272630467109,-0.0341846264426,0.0,431.58474035386473,433.52304838670807,434.10608491869647,435.7105351614804
1.9800000000000013,-0.112345842558,0.268837887194,14.7730656703,0.0383490505042,6.26147116354,0.0,-0.0038392099915,0.487785136461,4.42306532743,0.00701191162415,-0.045045138709,0.0,432.82879641469924,431.91297425936915,431.8260297574161,434.70799034303843
2.0400000000000014,-0.112143657439,0.298849378053,15.0402603382,0.0388744967186,6.25863494342,0.0,0.0108392841486,0.51263148802,4.4831771858,0.0120380265019,-0.0521384648531,0.0,442.77761018037836,442.1922338929097,443.3526249268726,443.7653137772888
2.1000000000000014,-0.110916662701,0.330497834823,15.3145356104,0.039347719178,6.25554431274,0.0,0.0303946942402,0.54235593122,4.65861510884,-0.00207507439617,-0.050283717732,0.0,478.87831231366795,479.0178945182193,478.74174638882585,477.66649517890943
2.1600000000000015,-0.108444997773,0.363937480478,15.5993629774,0.0391467857151,6.25216665659,0.0,0.0523310392348,0.572247838537,4.83488567159,-0.00602684387029,-0.0723767938419,0.0,480.4074770183089,478.727108975952,481.0558087923877,480.7565145594572
2.2200000000000015,-0.104570144557,0.399169338158,15.8948952936,0.0387507882296,6.24814957558,0.0,0.0772799281497,0.602069330878,5.01539683021,-0.00777160224296,-0.0578611838878,0.0,482.5182624926234,483.60993529178523,482.8911460701261,482.75960882605403
2.2800000000000016,-0.0993047419122,0.4359677614,16.195770625,0.0381844254391,6.24469327677,0.0,0.0985351588774,0.624495569844,5.01377422599,-0.0130030238208,-0.0570976459441,0.0,429.0665168601487,429.12892562657987,428.2398163728708,427.7946402733414
2.3400000000000016,-0.0926059867796,0.474194822679,16.4990312323,0.0377776332764,6.24135640168,0.0,0.125077878758,0.649664446791,5.09453831212,0.00341930949426,-0.0528032891046,0.0,454.7222565879184,455.0641683727211,453.91523928912903,455.23150004256206
2.4000000000000017,-0.0844942216571,0.513707466525,16.8013489691,0.0382893710858,6.23832591397,0.0,0.14555455088,0.66746453135,4.9831964251,0.0171722230071,-0.046274593095,0.0,392.08168544257524,392.68588818951383,390.803614674606,392.08357999710915
2.4600000000000017,-0.0749359791109,0.554445102092,17.1008424517,0.0392409043591,6.23532748979,0.0,0.173308016897,0.690538605852,4.99982121938,0.0130937316426,-0.0586441245228,0.0,434.6879744195229,433.64833168748686,434.60813111787115,434.2660176753507
2.520000000000002,-0.0635363351171,0.596679947589,17.4037864022,0.0402990967384,6.2319201532,0.0,0.207010798432,0.717362706694,5.09784381768,0.0254494796218,-0.0533165628264,0.0,460.92387362865816,461.3426869187287,458.4779904814431,459.45867887453346
2.580000000000002,-0.0498418140826,0.64070813596,17.7165562873,0.0418723839163,6.22965225573,0.0,0.249736607305,0.750384271679,5.32673634141,0.0277221587066,-0.0174739124629,0.0,498.0607535206846,500.67483219884764,499.09465257808625,499.26057454029404
2.640000000000002,-0.0338276788973,0.686527870056,18.0376487289,0.0431649580218,6.22910558206,0.0,0.284126649665,0.77706983085,5.37608623859,0.00481153030951,0.00383150115478,0.0,446.52653103435,448.2615861439691,449.9498776888144,448.0909635409054
2.700000000000002,-0.015881958732,0.733857521845,18.3591497265,0.04355353578,6.22961951012,0.0,0.314040616592,0.800614722757,5.34076741712,0.00961375760439,0.0166617641373,0.0,420.8350557468744,421.9442661201688,421.19929256966856,421.6143776311111
2.760000000000002,0.00380676597299,0.78257269488,18.6777616478,0.0436241288256,6.23043592584,0.0,0.342192441509,0.823265036807,5.27990430998,-0.0266689993802,0.00666458996854,0.0,412.24971228908447,411.36514119513794,414.6851636236179,411.48506830802404
2.820000000000002,0.0254273204936,0.83284929421,18.9975418665,0.0422287381956,6.23106196404,0.0,0.378413578753,0.852441525741,5.37897287175,-0.0171822351642,0.0170704326653,0.0,464.0344107154438,464.8505529828849,461.4914674052659,462.23974960727196
2.880000000000002,0.0493767382057,0.884987146859,19.3265580087,0.0416666707008,6.23160391745,0.0,0.419742739343,0.885347343402,5.58722911177,0.00290030543177,-0.0163539812258,0.0,497.81498929473565,495.36280491178434,494.76284798071896,496.2395236484314
2.940000000000002,0.0754256829831,0.938786523426,19.6608169844,0.041639167121,6.230530813,0.0,0.448646201565,0.907971793304,5.55487810193,-0.00820386068975,-0.0211377463957,0.0,425.65097041956045,425.2413524353902,424.43049799484317,423.47623410285547
3.000000000000002,0.103292413891,0.993990540831,19.9943614646,0.0411050851677,6.22906667865,0.0,0.480360543483,0.932106988695,5.5632138168,-0.0103342162919,-0.0318945567495,0.0,438.5177570603245,437.6230224813405,437.32042959192154,437.1430317233818
3.0600000000000023,0.133213878628,1.05072481919,20.3306806671,0.0408072384507,6.227443211,0.0,0.517171436013,0.958966324746,5.64699111569,0.00405188740961,-0.018811870156,0.0,460.7302490393864,461.76345361869835,460.90170073355654,462.0375611721339
3.1200000000000023,0.165140862518,1.10889639966,20.6678709025,0.041247581079,6.2264119161,0.0,0.547158794486,0.980117861774,5.59293075884,0.0132139896791,-0.0141243109524,0.0,418.46678773869587,418.8747732138691,417.408892547287,418.2077601096191
3.1800000000000024,0.199165512926,1.16854987492,21.0067788316,0.0416618688665,6.22542148686,0.0,0.587055786703,1.00836878443,5.70342377689,-0.0103360195227,-0.0217582222193,0.0,469.77434784083783,469.18203300933465,471.05944027059275,469.2344380586606
3.2400000000000024,0.235610047039,1.22990362435,21.3523866093,0.040497600161,6.22418144175,0.0,0.627857233605,1.03664513595,5.81624386371,-0.0520126375796,-0.0185706642174,0.0,471.91199340810994,472.1580599060829,472.882422513644,469.6603180341896
3.3000000000000025,0.274125020596,1.29264597624,21.6979781387,0.0373606345311,6.22293316372,0.0,0.656089041369,1.05455482113,5.70404826419,-0.0528283455612,-0.0256950851199,0.0,400.9496296396407,400.30164279032573,400.0834174059582,400.0070198096376
3.3600000000000025,0.314356800055,1.35641822889,22.0369142296,0.0344206782062,6.22116421779,0.0,0.685116790235,1.0709774926,5.59436892304,-0.0422721990009,-0.0384009366503,0.0,400.45368585015353,399.29556929733184,399.43709141123026,400.3970108992391
3.4200000000000026,0.356619867423,1.42127633924,22.3734707189,0.0326894373797,6.21858766442,0.0,0.723860855867,1.0907552038,5.62401640806,-0.0104567944461,-0.0540682677592,0.0,446.6420205538036,445.3610947686656,442.8154516380812,445.4249935496485
3.4800000000000026,0.401512101124,1.48741967811,22.715709938,0.0318107486423,6.21602262888,0.0,0.772804858116,1.1139058387,5.78312132371,-0.0247145432699,-0.0264686003079,0.0,483.474990250569,485.54929571766286,485.1652669070873,484.09353441836464
3.5400000000000027,0.449187401019,1.55483150276,23.0644674534,0.030287487834,6.21450355558,0.0,0.816494681461,1.13299089564,5.84180944599,-0.0267689473207,-0.0231107160865,0.0,456.2061480823836,456.47414400322896,456.155568429791,455.99135704818536
3.6000000000000028,0.499589457986,1.62338998068,23.4178662815,0.0283046546787,6.21293949388,0.0,0.863681993669,1.15208855036,5.93763574806,-0.050160003335,-0.0327560450582,0.0,468.2041413300456,467.45287259643396,469.39664808754355,467.5770912247476
3.660000000000003,0.552782800503,1.69301714383,23.7759804817,0.0252377214465,6.21102357304,0.0,0.909587412095,1.16850167609,5.99916739994,-0.0530978780464,-0.0303331746561,0.0,458.0900558034243,458.2823794929794,459.5060601597075,459.2714824702604
3.720000000000003,0.608670422001,1.76353327529,24.1364654182,0.0219391827234,6.20899485587,0.0,0.953491962223,1.1817289248,6.01689194691,-0.0590220844716,-0.041878728298,0.0,446.8494632905277,445.90660352653595,445.5742992535654,445.08758357948136
3.780000000000003,0.667292004783,1.83479661153,24.4988378569,0.018329844927,6.20653566137,0.0,1.00076975779,1.19336072481,6.06193224271,-0.062523881314,-0.0392598913207,0.0,454.521828892357,454.7308631607542,454.7516908406875,454.46856974521586
3.840000000000003,0.728917246461,1.90671379475,24.8654884137,0.0148687438902,6.20399598923,0.0,1.0536050185,1.20349080873,6.15920784173,-0.0494379615969,-0.0493023711261,0.0,471.17941051032676,470.40134769397014,470.7617915933288,471.7713222676122
3.900000000000003,0.793569532687,1.97913292695,25.2355212571,0.0123361587742,6.20049603631,0.0,1.10173330866,1.21022437933,6.17510057256,-0.0306869548138,-0.0905759816361,0.0,448.6961734796235,445.3290803673504,446.6116973439001,448.13775497042707
3.960000000000003,0.86102144777,2.05188890926,25.6046042775,0.0107190172819,6.19504250438,0.0,1.14711633674,1.21483205153,6.12786029245,-0.0203710197338,-0.0915317885952,0.0,426.8620969681872,426.77320235859736,427.0359259648913,427.9149777441492
4.020000000000002,0.931145466753,2.12487906018,25.9692923261,0.00946621404067,6.18941780554,0.0,1.19079468937,1.21808251067,6.02887333611,-0.0219179654891,-0.0985820717275,0.0,408.6578165063367,408.0203995641741,410.30845316692205,410.1710305652345
4.080000000000001,1.00426695417,2.19807289125,26.3311266276,0.00793638770371,6.18373876603,0.0,1.24708526493,1.22158155933,6.03216596703,-0.0338384528011,-0.0877678241895,0.0,441.7759790163443,442.6592498369603,442.58758623105206,441.6050349636341
4.14,1.08100353981,2.27145642339,26.6945397511,0.00550971614222,6.17868943572,0.0,1.31124985596,1.22432059838,6.08125629873,-0.0588759952006,-0.0777684682946,0.0,456.58459112594755,457.37619093034226,457.50156602474334,455.50231398507134
4.199999999999998,1.161790543,2.34495768237,27.0619103358,0.00323840752584,6.17452483382,0.0,1.38202471979,1.22543916484,6.16390066936,-0.0132045980845,-0.0564780561522,0.0,466.4058823846104,468.06248229870397,466.3585554100509,469.9119484490695
4.259999999999997,1.2467181761,2.41848210119,27.43255964,0.00234724854318,6.17125027141,0.0,1.44916630998,1.22529512837,6.19084957317,-0.0183710622013,-0.051021545333,0.0,450.8345401513651,451.27335131443857,452.4774927926119,452.06139148591495
4.319999999999996,1.33552275582,2.49197764079,27.8029743684,0.0025350458498,6.16789417351,0.0,1.51124967078,1.22453318476,6.15641824159,0.0281204779121,-0.0682227462571,0.0,432.5203582388605,431.06656299763983,431.30068233051475,435.2104675822971
4.379999999999995,1.42822240179,2.56544072187,28.1722935331,0.00380557024925,6.16369655332,0.0,1.5790783283,1.22437426808,6.15412134545,0.00128579487928,-0.0736819458011,0.0,443.2547295766115,442.8020036558543,443.4886569841112,441.2785469980217
4.439999999999993,1.52513903638,2.63891419656,28.5420898511,0.00374136161364,6.15950534358,0.0,1.65182774899,1.22474164579,6.17221109669,-0.00625648220907,-0.0631284585978,0.0,449.13742496295913,449.9890316574513,449.4974769768621,448.8857311975384
4.499999999999992,1.62693320296,2.71242007669,28.9165027056,0.00350069787261,6.15652627747,0.0,1.74154377513,1.22541753962,6.30735499396,0.000139180803989,-0.0311996234135,0.0,483.6423697392923,486.040081312421,485.39104791027387,485.8709513859432
4.559999999999991,1.73390475626,2.78595585051,29.2969824568,0.00389553711843,6.15439275335,0.0,1.8242870839,1.22579578781,6.37483156058,0.0170741769897,-0.0461331471817,0.0,468.11867446010325,466.9543847010937,465.4047476219181,466.72856234261127
4.6199999999999894,1.84556420049,2.85951563899,29.6790645092,0.00468715935073,6.15138579222,0.0,1.8979168293,1.22627820636,6.36120827396,0.00401082447979,-0.0595869335335,0.0,442.4950197336383,441.38416949006717,443.6772321696792,442.6030372622775
4.679999999999988,1.9617574865,2.93311900093,30.0608192314,0.00556262234161,6.14777620086,0.0,1.97547190124,1.22722182012,6.36381137676,0.0300854674455,-0.0613305224771,0.0,448.39173909388245,448.2475107743489,446.17793982738624,448.3021083074162
4.739999999999987,2.08263722395,3.00679825257,30.4425277299,0.00713825533239,6.14406022548,0.0,2.05413913487,1.22890453557,6.35969192831,0.0172359507692,-0.0631652161599,0.0,445.79200021659,445.63927782662927,446.7174453650003,445.6683042332806
4.799999999999986,2.20784171973,3.08058079955,30.8207424458,0.00845418202884,6.14038715856,0.0,2.11965868615,1.23060393198,6.24797701906,0.0299718762868,-0.0575841779328,0.0,410.0708930066075,410.563470782013,410.24615502509823,411.37582593930983
4.859999999999984,2.33756293124,3.15451920657,31.1959814941,0.0100834040224,6.13678661242,0.0,2.20464169234,1.23416431624,6.25977951989,0.0208202999002,-0.0653606077705,0.0,451.40676115649336,450.77614265154523,449.65526667199947,448.9132691613436
4.919999999999983,2.47222269765,3.2286840427,31.5704286713,0.0108772600953,6.13269373728,0.0,2.28433037221,1.23808850442,6.22185877132,-0.00972071661774,-0.0746363398228,0.0,435.66128352701026,434.8811790928581,435.39281428531933,432.8293964118424
4.979999999999982,2.61166746796,3.30308722296,31.9422021684,0.010033859107,6.12843522068,0.0,2.364173663,1.24195953058,6.1707324703,-0.0245643554093,-0.0645111420623,0.0,430.05716980228306,430.9100761810631,430.5717269924589,429.3138681418755
5.0399999999999805,2.75651356609,3.37774015344,32.3144099542,0.00898750335781,6.12430476896,0.0,2.46430601162,1.24634172336,6.2356686258,-0.00604724684382,-0.0793235516615,0.0,466.70150383287114,465.5402474941971,466.5600030406748,468.0038626941591
